import QtQuick
import QtQuick3D

Node {
    id: node

    // Resources
    property url textureData: "maps/textureData.png"
    property url textureData658: "maps/textureData658.png"
    property url textureData221: "maps/textureData221.png"
    property url textureData643: "maps/textureData643.png"
    property url textureData224: "maps/textureData224.png"
    property url textureData218: "maps/textureData218.png"
    property url textureData640: "maps/textureData640.png"
    property url textureData660: "maps/textureData660.png"
    property url textureData215: "maps/textureData215.png"
    property url textureData645: "maps/textureData645.png"
    property url textureData213: "maps/textureData213.png"
    property url textureData637: "maps/textureData637.png"
    property url textureData634: "maps/textureData634.png"
    property url textureData662: "maps/textureData662.png"
    property url textureData207: "maps/textureData207.png"
    property url textureData648: "maps/textureData648.png"
    property url textureData631: "maps/textureData631.png"
    property url textureData204: "maps/textureData204.png"
    property url textureData202: "maps/textureData202.png"
    property url textureData629: "maps/textureData629.png"
    property url textureData200: "maps/textureData200.png"
    property url textureData651: "maps/textureData651.png"
    Texture {
        id: _14_texture
        generateMipmaps: true
        mipFilter: Texture.Linear
        source: node.textureData640
    }
    Texture {
        id: _17_texture
        generateMipmaps: true
        mipFilter: Texture.Linear
        source: node.textureData648
    }
    Texture {
        id: _18_texture
        generateMipmaps: true
        mipFilter: Texture.Linear
        source: node.textureData651
    }
    Texture {
        id: _16_texture
        generateMipmaps: true
        mipFilter: Texture.Linear
        source: node.textureData645
    }
    Texture {
        id: _15_texture
        generateMipmaps: true
        mipFilter: Texture.Linear
        source: node.textureData643
    }
    Texture {
        id: _0_texture
        generateMipmaps: true
        mipFilter: Texture.Linear
        source: node.textureData200
    }
    Texture {
        id: _13_texture
        generateMipmaps: true
        mipFilter: Texture.Linear
        source: node.textureData637
    }
    Texture {
        id: _12_texture
        generateMipmaps: true
        mipFilter: Texture.Linear
        source: node.textureData634
    }
    Texture {
        id: _11_texture
        generateMipmaps: true
        mipFilter: Texture.Linear
        source: node.textureData631
    }
    Texture {
        id: _10_texture
        generateMipmaps: true
        mipFilter: Texture.Linear
        source: node.textureData629
    }
    Texture {
        id: _8_texture
        generateMipmaps: true
        mipFilter: Texture.Linear
        source: node.textureData221
    }
    Texture {
        id: _4_texture
        generateMipmaps: true
        mipFilter: Texture.Linear
        source: node.textureData
    }
    Texture {
        id: _21_texture
        generateMipmaps: true
        mipFilter: Texture.Linear
        source: node.textureData662
    }
    Texture {
        id: _5_texture
        generateMipmaps: true
        mipFilter: Texture.Linear
        source: node.textureData213
    }
    Texture {
        id: _3_texture
        generateMipmaps: true
        mipFilter: Texture.Linear
        source: node.textureData207
    }
    Texture {
        id: _6_texture
        generateMipmaps: true
        mipFilter: Texture.Linear
        source: node.textureData215
    }
    Texture {
        id: _7_texture
        generateMipmaps: true
        mipFilter: Texture.Linear
        source: node.textureData218
    }
    Texture {
        id: _20_texture
        generateMipmaps: true
        mipFilter: Texture.Linear
        source: node.textureData660
    }
    Texture {
        id: _9_texture
        generateMipmaps: true
        mipFilter: Texture.Linear
        source: node.textureData224
    }
    Texture {
        id: _19_texture
        generateMipmaps: true
        mipFilter: Texture.Linear
        source: node.textureData658
    }
    Texture {
        id: _2_texture
        generateMipmaps: true
        mipFilter: Texture.Linear
        source: node.textureData204
    }
    Texture {
        id: _1_texture
        generateMipmaps: true
        mipFilter: Texture.Linear
        source: node.textureData202
    }
    MorphTarget {
        id: fcl_HA_Fung1_Up_morphtarget
        objectName: "Fcl_HA_Fung1_Up"
        attributes: MorphTarget.Position | MorphTarget.Normal
    }
    MorphTarget {
        id: fcl_HA_Fung2_Up_morphtarget
        objectName: "Fcl_HA_Fung2_Up"
        attributes: MorphTarget.Position | MorphTarget.Normal
    }
    MorphTarget {
        id: fcl_HA_Fung2_Low_morphtarget
        objectName: "Fcl_HA_Fung2_Low"
        attributes: MorphTarget.Position | MorphTarget.Normal
    }
    MorphTarget {
        id: fcl_HA_Fung2_morphtarget
        objectName: "Fcl_HA_Fung2"
        attributes: MorphTarget.Position | MorphTarget.Normal
    }
    MorphTarget {
        id: fcl_ALL_Angry_morphtarget
        objectName: "Fcl_ALL_Angry"
        attributes: MorphTarget.Position | MorphTarget.Normal
    }
    MorphTarget {
        id: fcl_HA_Fung3_morphtarget
        objectName: "Fcl_HA_Fung3"
        attributes: MorphTarget.Position | MorphTarget.Normal
    }
    MorphTarget {
        id: fcl_HA_Fung3_Up_morphtarget
        objectName: "Fcl_HA_Fung3_Up"
        attributes: MorphTarget.Position | MorphTarget.Normal
    }
    MorphTarget {
        id: fcl_HA_Fung3_Low_morphtarget
        objectName: "Fcl_HA_Fung3_Low"
        attributes: MorphTarget.Position | MorphTarget.Normal
    }
    MorphTarget {
        id: fcl_HA_Short_morphtarget
        objectName: "Fcl_HA_Short"
        attributes: MorphTarget.Position | MorphTarget.Normal
    }
    MorphTarget {
        id: fcl_HA_Short_Up_morphtarget
        objectName: "Fcl_HA_Short_Up"
        attributes: MorphTarget.Position | MorphTarget.Normal
    }
    MorphTarget {
        id: fcl_HA_Short_Low_morphtarget
        objectName: "Fcl_HA_Short_Low"
        attributes: MorphTarget.Position | MorphTarget.Normal
    }
    MorphTarget {
        id: fcl_ALL_Neutral_morphtarget
        objectName: "Fcl_ALL_Neutral"
        attributes: MorphTarget.Position | MorphTarget.Normal
    }
    MorphTarget {
        id: fcl_BRW_Joy_morphtarget
        objectName: "Fcl_BRW_Joy"
        attributes: MorphTarget.Position | MorphTarget.Normal
    }
    MorphTarget {
        id: fcl_HA_Fung1_Low_morphtarget
        objectName: "Fcl_HA_Fung1_Low"
        attributes: MorphTarget.Position | MorphTarget.Normal
    }
    MorphTarget {
        id: fcl_HA_Fung1_morphtarget
        objectName: "Fcl_HA_Fung1"
        attributes: MorphTarget.Position | MorphTarget.Normal
    }
    MorphTarget {
        id: fcl_HA_Hide_morphtarget
        objectName: "Fcl_HA_Hide"
        attributes: MorphTarget.Position | MorphTarget.Normal
    }
    MorphTarget {
        id: fcl_MTH_O_morphtarget
        objectName: "Fcl_MTH_O"
        attributes: MorphTarget.Position | MorphTarget.Normal
    }
    MorphTarget {
        id: fcl_MTH_E_morphtarget
        objectName: "Fcl_MTH_E"
        attributes: MorphTarget.Position | MorphTarget.Normal
    }
    MorphTarget {
        id: fcl_MTH_U_morphtarget
        objectName: "Fcl_MTH_U"
        attributes: MorphTarget.Position | MorphTarget.Normal
    }
    MorphTarget {
        id: fcl_MTH_I_morphtarget
        objectName: "Fcl_MTH_I"
        attributes: MorphTarget.Position | MorphTarget.Normal
    }
    MorphTarget {
        id: fcl_MTH_A_morphtarget
        objectName: "Fcl_MTH_A"
        attributes: MorphTarget.Position | MorphTarget.Normal
    }
    MorphTarget {
        id: fcl_MTH_SkinFung_L_morphtarget
        objectName: "Fcl_MTH_SkinFung_L"
        attributes: MorphTarget.Position | MorphTarget.Normal
    }
    MorphTarget {
        id: fcl_MTH_SkinFung_R_morphtarget
        objectName: "Fcl_MTH_SkinFung_R"
        attributes: MorphTarget.Position | MorphTarget.Normal
    }
    MorphTarget {
        id: fcl_MTH_SkinFung_morphtarget
        objectName: "Fcl_MTH_SkinFung"
        attributes: MorphTarget.Position | MorphTarget.Normal
    }
    MorphTarget {
        id: fcl_MTH_Surprised_morphtarget
        objectName: "Fcl_MTH_Surprised"
        attributes: MorphTarget.Position | MorphTarget.Normal
    }
    MorphTarget {
        id: fcl_EYE_Close_R_morphtarget
        objectName: "Fcl_EYE_Close_R"
        attributes: MorphTarget.Position | MorphTarget.Normal
    }
    MorphTarget {
        id: fcl_EYE_Iris_Hide_morphtarget
        objectName: "Fcl_EYE_Iris_Hide"
        attributes: MorphTarget.Position | MorphTarget.Normal
    }
    MorphTarget {
        id: fcl_EYE_Surprised_morphtarget
        objectName: "Fcl_EYE_Surprised"
        attributes: MorphTarget.Position | MorphTarget.Normal
    }
    MorphTarget {
        id: fcl_EYE_Highlight_Hide_morphtarget
        objectName: "Fcl_EYE_Highlight_Hide"
        attributes: MorphTarget.Position | MorphTarget.Normal
    }
    MorphTarget {
        id: fcl_MTH_Close_morphtarget
        objectName: "Fcl_MTH_Close"
        attributes: MorphTarget.Position | MorphTarget.Normal
    }
    MorphTarget {
        id: fcl_EYE_Sorrow_morphtarget
        objectName: "Fcl_EYE_Sorrow"
        attributes: MorphTarget.Position | MorphTarget.Normal
    }
    MorphTarget {
        id: fcl_EYE_Joy_L_morphtarget
        objectName: "Fcl_EYE_Joy_L"
        attributes: MorphTarget.Position | MorphTarget.Normal
    }
    MorphTarget {
        id: fcl_EYE_Joy_R_morphtarget
        objectName: "Fcl_EYE_Joy_R"
        attributes: MorphTarget.Position | MorphTarget.Normal
    }
    MorphTarget {
        id: fcl_EYE_Joy_morphtarget
        objectName: "Fcl_EYE_Joy"
        attributes: MorphTarget.Position | MorphTarget.Normal
    }
    MorphTarget {
        id: fcl_EYE_Fun_morphtarget
        objectName: "Fcl_EYE_Fun"
        attributes: MorphTarget.Position | MorphTarget.Normal
    }
    MorphTarget {
        id: fcl_MTH_O_morphtarget441
        objectName: "Fcl_MTH_O"
        attributes: MorphTarget.Position | MorphTarget.Normal
    }
    MorphTarget {
        id: fcl_MTH_Up_morphtarget
        objectName: "Fcl_MTH_Up"
        attributes: MorphTarget.Position | MorphTarget.Normal
    }
    MorphTarget {
        id: fcl_EYE_Close_L_morphtarget
        objectName: "Fcl_EYE_Close_L"
        attributes: MorphTarget.Position | MorphTarget.Normal
    }
    MorphTarget {
        id: fcl_ALL_Fun_morphtarget
        objectName: "Fcl_ALL_Fun"
        attributes: MorphTarget.Position | MorphTarget.Normal
    }
    MorphTarget {
        id: fcl_EYE_Close_morphtarget
        objectName: "Fcl_EYE_Close"
        attributes: MorphTarget.Position | MorphTarget.Normal
    }
    MorphTarget {
        id: fcl_EYE_Angry_morphtarget
        objectName: "Fcl_EYE_Angry"
        attributes: MorphTarget.Position | MorphTarget.Normal
    }
    MorphTarget {
        id: fcl_EYE_Natural_morphtarget
        objectName: "Fcl_EYE_Natural"
        attributes: MorphTarget.Position | MorphTarget.Normal
    }
    MorphTarget {
        id: fcl_BRW_Surprised_morphtarget
        objectName: "Fcl_BRW_Surprised"
        attributes: MorphTarget.Position | MorphTarget.Normal
    }
    MorphTarget {
        id: fcl_BRW_Sorrow_morphtarget
        objectName: "Fcl_BRW_Sorrow"
        attributes: MorphTarget.Position | MorphTarget.Normal
    }
    MorphTarget {
        id: fcl_EYE_Spread_morphtarget
        objectName: "Fcl_EYE_Spread"
        attributes: MorphTarget.Position | MorphTarget.Normal
    }
    MorphTarget {
        id: fcl_BRW_Fun_morphtarget
        objectName: "Fcl_BRW_Fun"
        attributes: MorphTarget.Position | MorphTarget.Normal
    }
    MorphTarget {
        id: fcl_BRW_Angry_morphtarget
        objectName: "Fcl_BRW_Angry"
        attributes: MorphTarget.Position | MorphTarget.Normal
    }
    MorphTarget {
        id: fcl_ALL_Surprised_morphtarget
        objectName: "Fcl_ALL_Surprised"
        attributes: MorphTarget.Position | MorphTarget.Normal
    }
    MorphTarget {
        id: fcl_ALL_Sorrow_morphtarget
        objectName: "Fcl_ALL_Sorrow"
        attributes: MorphTarget.Position | MorphTarget.Normal
    }
    MorphTarget {
        id: fcl_ALL_Joy_morphtarget
        objectName: "Fcl_ALL_Joy"
        attributes: MorphTarget.Position | MorphTarget.Normal
    }
    MorphTarget {
        id: fcl_HA_Short_morphtarget452
        objectName: "Fcl_HA_Short"
        attributes: MorphTarget.Position | MorphTarget.Normal
    }
    MorphTarget {
        id: fcl_BRW_Sorrow_morphtarget464
        objectName: "Fcl_BRW_Sorrow"
        attributes: MorphTarget.Position | MorphTarget.Normal
    }
    MorphTarget {
        id: fcl_BRW_Joy_morphtarget463
        objectName: "Fcl_BRW_Joy"
        attributes: MorphTarget.Position | MorphTarget.Normal
    }
    MorphTarget {
        id: fcl_BRW_Fun_morphtarget462
        objectName: "Fcl_BRW_Fun"
        attributes: MorphTarget.Position | MorphTarget.Normal
    }
    MorphTarget {
        id: fcl_BRW_Angry_morphtarget461
        objectName: "Fcl_BRW_Angry"
        attributes: MorphTarget.Position | MorphTarget.Normal
    }
    MorphTarget {
        id: fcl_ALL_Surprised_morphtarget460
        objectName: "Fcl_ALL_Surprised"
        attributes: MorphTarget.Position | MorphTarget.Normal
    }
    MorphTarget {
        id: fcl_ALL_Sorrow_morphtarget459
        objectName: "Fcl_ALL_Sorrow"
        attributes: MorphTarget.Position | MorphTarget.Normal
    }
    MorphTarget {
        id: fcl_ALL_Joy_morphtarget458
        objectName: "Fcl_ALL_Joy"
        attributes: MorphTarget.Position | MorphTarget.Normal
    }
    MorphTarget {
        id: fcl_ALL_Fun_morphtarget457
        objectName: "Fcl_ALL_Fun"
        attributes: MorphTarget.Position | MorphTarget.Normal
    }
    MorphTarget {
        id: fcl_ALL_Angry_morphtarget456
        objectName: "Fcl_ALL_Angry"
        attributes: MorphTarget.Position | MorphTarget.Normal
    }
    MorphTarget {
        id: fcl_ALL_Neutral_morphtarget455
        objectName: "Fcl_ALL_Neutral"
        attributes: MorphTarget.Position | MorphTarget.Normal
    }
    MorphTarget {
        id: fcl_HA_Short_Low_morphtarget454
        objectName: "Fcl_HA_Short_Low"
        attributes: MorphTarget.Position | MorphTarget.Normal
    }
    MorphTarget {
        id: fcl_HA_Short_Up_morphtarget453
        objectName: "Fcl_HA_Short_Up"
        attributes: MorphTarget.Position | MorphTarget.Normal
    }
    MorphTarget {
        id: fcl_BRW_Surprised_morphtarget465
        objectName: "Fcl_BRW_Surprised"
        attributes: MorphTarget.Position | MorphTarget.Normal
    }
    MorphTarget {
        id: fcl_HA_Fung3_Low_morphtarget451
        objectName: "Fcl_HA_Fung3_Low"
        attributes: MorphTarget.Position | MorphTarget.Normal
    }
    MorphTarget {
        id: fcl_HA_Fung3_Up_morphtarget450
        objectName: "Fcl_HA_Fung3_Up"
        attributes: MorphTarget.Position | MorphTarget.Normal
    }
    MorphTarget {
        id: fcl_HA_Fung3_morphtarget449
        objectName: "Fcl_HA_Fung3"
        attributes: MorphTarget.Position | MorphTarget.Normal
    }
    MorphTarget {
        id: fcl_HA_Fung2_Up_morphtarget448
        objectName: "Fcl_HA_Fung2_Up"
        attributes: MorphTarget.Position | MorphTarget.Normal
    }
    MorphTarget {
        id: fcl_HA_Fung2_Low_morphtarget447
        objectName: "Fcl_HA_Fung2_Low"
        attributes: MorphTarget.Position | MorphTarget.Normal
    }
    MorphTarget {
        id: fcl_HA_Fung2_morphtarget446
        objectName: "Fcl_HA_Fung2"
        attributes: MorphTarget.Position | MorphTarget.Normal
    }
    MorphTarget {
        id: fcl_HA_Fung1_Up_morphtarget445
        objectName: "Fcl_HA_Fung1_Up"
        attributes: MorphTarget.Position | MorphTarget.Normal
    }
    MorphTarget {
        id: fcl_HA_Fung1_Low_morphtarget444
        objectName: "Fcl_HA_Fung1_Low"
        attributes: MorphTarget.Position | MorphTarget.Normal
    }
    MorphTarget {
        id: fcl_HA_Fung1_morphtarget443
        objectName: "Fcl_HA_Fung1"
        attributes: MorphTarget.Position | MorphTarget.Normal
    }
    MorphTarget {
        id: fcl_HA_Hide_morphtarget442
        objectName: "Fcl_HA_Hide"
        attributes: MorphTarget.Position | MorphTarget.Normal
    }
    Skin {
        id: skin
        joints: [root, j_Bip_C_Hips, j_Bip_C_Spine, j_Bip_C_Chest, j_Bip_C_UpperChest, j_Sec_L_Bust1, j_Sec_L_Bust2, j_Sec_R_Bust1, j_Sec_R_Bust2, j_Bip_C_Neck, j_Bip_C_Head, j_Adj_L_FaceEye, j_Adj_R_FaceEye, j_Sec_Hair1_01, j_Sec_Hair2_01, j_Sec_Hair1_02, j_Sec_Hair2_02, j_Sec_Hair1_03, j_Sec_Hair2_03, j_Sec_Hair3_03, j_Sec_Hair1_04, j_Sec_Hair2_04, j_Sec_Hair3_04, j_Sec_Hair1_05, j_Sec_Hair2_05, j_Sec_Hair3_05, j_Sec_Hair1_06, j_Sec_Hair2_06, j_Sec_Hair3_06, j_Sec_Hair1_07, j_Sec_Hair2_07, j_Sec_Hair3_07, j_Sec_Hair1_08, j_Sec_Hair2_08, j_Sec_Hair3_08, j_Sec_Hair1_09, j_Sec_Hair2_09, j_Sec_Hair3_09, j_Sec_Hair1_10, j_Sec_Hair2_10, j_Sec_Hair3_10, j_Sec_Hair1_11, j_Sec_Hair2_11, j_Sec_Hair3_11, j_Sec_Hair1_12, j_Sec_Hair2_12, j_Sec_Hair3_12, j_Sec_Hair1_13, j_Sec_Hair2_13, j_Sec_Hair3_13, j_Sec_Hair1_14, j_Sec_Hair2_14, j_Sec_Hair3_14, j_Sec_Hair1_15, j_Sec_Hair2_15, j_Sec_Hair3_15, j_Sec_Hair1_16, j_Sec_Hair2_16, j_Sec_Hair3_16, j_Sec_Hair1_17, j_Sec_Hair2_17, j_Sec_Hair3_17, j_Sec_Hair1_18, j_Sec_Hair2_18, j_Sec_Hair3_18, j_Sec_Hair1_19, j_Sec_Hair2_19, j_Sec_Hair1_20, j_Sec_Hair2_20, j_Bip_L_Shoulder, j_Bip_L_UpperArm, j_Bip_L_LowerArm, j_Bip_L_Hand, j_Bip_L_Index1, j_Bip_L_Index2, j_Bip_L_Index3, j_Bip_L_Little1, j_Bip_L_Little2, j_Bip_L_Little3, j_Bip_L_Middle1, j_Bip_L_Middle2, j_Bip_L_Middle3, j_Bip_L_Ring1, j_Bip_L_Ring2, j_Bip_L_Ring3, j_Bip_L_Thumb1, j_Bip_L_Thumb2, j_Bip_L_Thumb3, j_Bip_R_Shoulder, j_Bip_R_UpperArm, j_Bip_R_LowerArm, j_Bip_R_Hand, j_Bip_R_Index1, j_Bip_R_Index2, j_Bip_R_Index3, j_Bip_R_Little1, j_Bip_R_Little2, j_Bip_R_Little3, j_Bip_R_Middle1, j_Bip_R_Middle2, j_Bip_R_Middle3, j_Bip_R_Ring1, j_Bip_R_Ring2, j_Bip_R_Ring3, j_Bip_R_Thumb1, j_Bip_R_Thumb2, j_Bip_R_Thumb3, j_Bip_L_UpperLeg, j_Bip_L_LowerLeg, j_Sec_L_CoatSkirtBack_01, j_Sec_L_CoatSkirtBack_end_01, j_Sec_L_CoatSkirtFront_01, j_Sec_L_CoatSkirtFront_end_01, j_Sec_L_CoatSkirtSide1_01, j_Sec_L_CoatSkirtSide2_01, j_Sec_L_CoatSkirtSide2_end_01, j_Sec_L_CoatSkirtBack_02, j_Sec_L_CoatSkirtBack_end_02, j_Sec_L_CoatSkirtFront_02, j_Sec_L_CoatSkirtFront_end_02, j_Sec_L_CoatSkirtSide1_02, j_Sec_L_CoatSkirtSide2_02, j_Sec_L_CoatSkirtSide2_end_02, j_Sec_L_CoatSkirtBack_03, j_Sec_L_CoatSkirtBack_end_03, j_Sec_L_CoatSkirtFront_03, j_Sec_L_CoatSkirtFront_end_03, j_Sec_L_CoatSkirtSide1_03, j_Sec_L_CoatSkirtSide2_03, j_Sec_L_CoatSkirtSide2_end_03, j_Bip_L_Foot, j_Bip_L_ToeBase, j_Bip_R_UpperLeg, j_Bip_R_LowerLeg, j_Sec_R_CoatSkirtBack_01, j_Sec_R_CoatSkirtBack_end_01, j_Sec_R_CoatSkirtFront_01, j_Sec_R_CoatSkirtFront_end_01, j_Sec_R_CoatSkirtSide1_01, j_Sec_R_CoatSkirtSide2_01, j_Sec_R_CoatSkirtSide2_end_01, j_Sec_R_CoatSkirtBack_02, j_Sec_R_CoatSkirtBack_end_02, j_Sec_R_CoatSkirtFront_02, j_Sec_R_CoatSkirtFront_end_02, j_Sec_R_CoatSkirtSide1_02, j_Sec_R_CoatSkirtSide2_02, j_Sec_R_CoatSkirtSide2_end_02, j_Sec_R_CoatSkirtBack_03, j_Sec_R_CoatSkirtBack_end_03, j_Sec_R_CoatSkirtFront_03, j_Sec_R_CoatSkirtFront_end_03, j_Sec_R_CoatSkirtSide1_03, j_Sec_R_CoatSkirtSide2_03, j_Sec_R_CoatSkirtSide2_end_03, j_Bip_R_Foot, j_Bip_R_ToeBase]
        inverseBindPoses: [
            // 0-68 preserved from source
            Qt.matrix4x4(1, 0, 0, 0, 0, 1, 0, 0, 0, 0, 1, 0, 0, 0, 0, 1), Qt.matrix4x4(1, 0, 0, 0, 0, 0.992088, 0.125548, -1.15843, 0, -0.125548, 0.992088, 0.142986, 0, 0, 0, 1), Qt.matrix4x4(1, 0, 0, 7.11265e-32, 0, 0.98855, 0.150896, -1.21633, 0, -0.150896, 0.98855, 0.167343, 0, 0, 0, 1), Qt.matrix4x4(1, 0, 0, -2.40917e-17, 0, 0.992589, -0.121518, -1.34611, 0, 0.121518, 0.992589, -0.186612, 0, 0, 0, 1), Qt.matrix4x4(1, 0, 0, 1.06822e-17, 0, 0.943357, -0.33178, -1.39816, 0, 0.33178, 0.943357, -0.496668, 0, 0, 0, 1), Qt.matrix4x4(0.890608, -0.047434, -0.45229, 0.0537904, -0.00726396, 0.992935, -0.118438, -1.45443, 0.454713, 0.108767, 0.883972, -0.263178, 0, 0, 0, 1), Qt.matrix4x4(0.890608, -0.047434, -0.45229, 0.0538004, -0.00726397, 0.992935, -0.118438, -1.45443, 0.454713, 0.108767, 0.883972, -0.264455, 0, 0, 0, 1), Qt.matrix4x4(0.890608, 0.047434, 0.45229, -0.0537904, 0.00726396, 0.992935, -0.118438, -1.45443, -0.454713, 0.108767, 0.883972, -0.263178, 0, 0, 0, 1), Qt.matrix4x4(0.890608, 0.047434, 0.45229, -0.0538004, 0.00726397, 0.992935, -0.118438, -1.45443, -0.454713, 0.108767, 0.883972, -0.264455, 0, 0, 0, 1), Qt.matrix4x4(1, 0, 0, 1.19815e-16, 0, 0.992864, 0.119252, -1.62085, 0, -0.119252, 0.992864, 0.234831, 0, 0, 0, 1), Qt.matrix4x4(1, 5.25951e-08, -4.37914e-07, -1.03702e-07, -4.78589e-08, 0.999942, 0.0108084, -1.73272, 4.38457e-07, -0.0108084, 0.999942, 0.0471112, 0, 0, 0, 1), Qt.matrix4x4(0.930442, -0.000646281, -0.366439, -0.01619, 0.0198007, 0.998626, 0.0485156, -1.79385, 0.365904, -0.0523967, 0.929176, 0.0938457, 0, 0, 0, 1), Qt.matrix4x4(0.930442, 0.000646404, 0.366438, 0.0161898, -0.0198008, 0.998626, 0.0485155, -1.79385, -0.365903, -0.0523967, 0.929177, 0.0938458, 0, 0, 0, 1), Qt.matrix4x4(-0.401627, 0.844586, -0.354076, -1.60455, -0.915804, -0.370394, 0.155281, 0.580047, 4.61936e-07, 0.386629, 0.922235, -0.692951, 0, 0, 0, 1), Qt.matrix4x4(-0.401627, 0.844586, -0.354076, -1.6044, -0.915803, -0.370394, 0.155281, 0.529659, 4.32134e-07, 0.386629, 0.922235, -0.692952, 0, 0, 0, 1), Qt.matrix4x4(-0.600142, -0.781958, 0.168435, 1.51148, 0.799893, -0.586686, 0.126372, 0.994297, 4.02331e-07, 0.210571, 0.977578, -0.369484, 0, 0, 0, 1), Qt.matrix4x4(-0.600143, -0.781958, 0.168435, 1.51134, 0.799893, -0.586686, 0.126373, 0.956455, 4.02331e-07, 0.210571, 0.977578, -0.369484, 0, 0, 0, 1), Qt.matrix4x4(-0.985997, -0.165302, 0.0220353, 0.21142, 0.166764, -0.977352, 0.130281, 1.77766, 5.48549e-07, 0.132131, 0.991232, -0.272557, 0, 0, 0, 1), Qt.matrix4x4(-0.854811, -0.419369, 0.305662, 0.662282, 0.51894, -0.690794, 0.503493, 1.24962, 8.9407e-08, 0.589011, 0.808125, -1.07652, 0, 0, 0, 1), Qt.matrix4x4(-0.854811, -0.419368, 0.305661, 0.662165, 0.51894, -0.690794, 0.503493, 1.21591, 2.5332e-07, 0.589011, 0.808125, -1.07652, 0, 0, 0, 1), Qt.matrix4x4(-0.993274, 0.115088, -0.0127168, -0.12231, -0.115789, -0.987266, 0.10909, 1.80366, 8.5216e-08, 0.109829, 0.99395, -0.229557, 0, 0, 0, 1), Qt.matrix4x4(-0.811412, 0.488784, -0.32047, -0.794653, -0.584475, -0.678567, 0.444901, 1.24595, 1.49012e-07, 0.548305, 0.836278, -1.00751, 0, 0, 0, 1), Qt.matrix4x4(-0.811412, 0.488784, -0.32047, -0.794526, -0.584475, -0.678567, 0.444901, 1.21206, 1.49012e-07, 0.548305, 0.836278, -1.00751, 0, 0, 0, 1), Qt.matrix4x4(-0.999998, -0.00250177, 0.000233629, 0.00708628, 0.00251265, -0.995682, 0.0928101, 1.85633, 4.30606e-07, 0.0928105, 0.995684, -0.255647, 0, 0, 0, 1), Qt.matrix4x4(-0.999817, 0.0187861, 0.00343314, -0.032183, -0.0190973, -0.983532, -0.179718, 1.81701, 4.0303e-07, -0.17975, 0.983712, 0.244623, 0, 0, 0, 1), Qt.matrix4x4(-0.999817, 0.0187861, 0.00343314, -0.0321769, -0.0190973, -0.983532, -0.179718, 1.77637, 4.03263e-07, -0.17975, 0.983712, 0.244623, 0, 0, 0, 1), Qt.matrix4x4(-0.990447, 0.13789, 0.000864603, -0.300622, -0.137893, -0.990428, -0.00620702, 1.84141, 4.40748e-07, -0.00626695, 0.99998, -0.0678957, 0, 0, 0, 1), Qt.matrix4x4(-0.994168, -0.106954, -0.0138453, 0.149302, 0.107847, -0.985941, -0.127632, 1.82296, 1.6205e-07, -0.128381, 0.991725, 0.156645, 0, 0, 0, 1), Qt.matrix4x4(-0.994168, -0.106954, -0.0138453, 0.149275, 0.107847, -0.985941, -0.127632, 1.79145, 1.62516e-07, -0.128381, 0.991725, 0.156645, 0, 0, 0, 1), Qt.matrix4x4(-0.999996, -0.00305625, 6.97165e-05, 0.0850229, 0.00305705, -0.999739, 0.0226584, 1.8449, 4.48639e-07, 0.0226585, 0.999743, -0.0889094, 0, 0, 0, 1), Qt.matrix4x4(-0.921469, 0.386318, -0.0406877, -0.624666, -0.388454, -0.9164, 0.0965178, 1.68642, 3.74392e-07, 0.104743, 0.994499, -0.237365, 0, 0, 0, 1), Qt.matrix4x4(-0.921469, 0.386317, -0.0406876, -0.624568, -0.388454, -0.9164, 0.0965178, 1.6516, 3.76254e-07, 0.104743, 0.994499, -0.237365, 0, 0, 0, 1), Qt.matrix4x4(-0.990972, -0.133957, 0.00545571, 0.29241, 0.134068, -0.990151, 0.0403232, 1.8392, 3.87197e-07, 0.0406906, 0.999172, -0.149201, 0, 0, 0, 1), Qt.matrix4x4(-0.991699, 0.128251, 0.00925774, -0.188578, -0.128584, -0.989125, -0.0713963, 1.82481, 4.45172e-07, -0.071994, 0.997405, 0.0575144, 0, 0, 0, 1), Qt.matrix4x4(-0.991699, 0.128251, 0.00925774, -0.188545, -0.128584, -0.989125, -0.0713963, 1.79152, 4.45172e-07, -0.071994, 0.997405, 0.0575144, 0, 0, 0, 1), Qt.matrix4x4(-0.999997, -0.00242874, -2.68141e-05, -0.0760716, 0.00242889, -0.999935, -0.0111994, 1.83976, 3.88042e-07, -0.0111994, 0.999937, -0.0265954, 0, 0, 0, 1), Qt.matrix4x4(-0.896194, -0.440791, 0.0504198, 0.721681, 0.443665, -0.890388, 0.101846, 1.63914, 4.26546e-07, 0.113643, 0.993522, -0.251784, 0, 0, 0, 1), Qt.matrix4x4(-0.896193, -0.440791, 0.0504198, 0.721579, 0.443665, -0.890387, 0.101846, 1.60636, 4.22821e-07, 0.113643, 0.993522, -0.251784, 0, 0, 0, 1), Qt.matrix4x4(-0.748844, -0.599564, -0.282411, 1.19253, 0.662747, -0.677453, -0.3191, 1.25373, 4.47035e-07, -0.426123, 0.904665, 0.726603, 0, 0, 0, 1), Qt.matrix4x4(-0.756544, -0.239371, -0.608558, 0.549724, 0.653943, -0.276927, -0.704038, 0.499891, 3.27826e-07, -0.930598, 0.366042, 1.69381, 0, 0, 0, 1), Qt.matrix4x4(-0.756544, -0.239371, -0.608558, 0.549563, 0.653943, -0.276927, -0.704038, 0.458547, 2.38419e-07, -0.930598, 0.366042, 1.69381, 0, 0, 0, 1), Qt.matrix4x4(-0.40515, 0.733052, 0.546341, -1.43852, -0.914251, -0.324853, -0.24211, 0.609798, 1.2219e-06, -0.597584, 0.801806, 1.04589, 0, 0, 0, 1), Qt.matrix4x4(0.616, 0.143257, -0.774611, -0.164211, -0.787746, 0.112024, -0.605728, -0.203603, 2.08616e-07, 0.983325, 0.181857, -1.84998, 0, 0, 0, 1), Qt.matrix4x4(0.616, 0.143257, -0.774611, -0.164354, -0.787746, 0.112024, -0.605728, -0.240941, -1.78814e-07, 0.983325, 0.181857, -1.84998, 0, 0, 0, 1), Qt.matrix4x4(-0.898292, -0.436803, 0.0476737, 0.711516, 0.439397, -0.892989, 0.0974619, 1.5937, 3.96743e-07, 0.108497, 0.994097, -0.122928, 0, 0, 0, 1), Qt.matrix4x4(-0.937259, 0.31662, 0.145933, -0.572381, -0.348633, -0.851197, -0.392324, 1.41582, 5.1409e-07, -0.418586, 0.908177, 0.772925, 0, 0, 0, 1), Qt.matrix4x4(-0.937259, 0.31662, 0.145933, -0.572282, -0.348633, -0.851198, -0.392324, 1.3771, 4.84288e-07, -0.418586, 0.908177, 0.772925, 0, 0, 0, 1), Qt.matrix4x4(-1, 0.00150124, -0.000601497, 0.00402469, -0.00161725, -0.928177, 0.372138, 1.64728, 3.71307e-07, 0.372139, 0.928177, -0.557532, 0, 0, 0, 1), Qt.matrix4x4(-0.976987, 0.206422, 0.0537201, -0.341307, -0.213298, -0.945494, -0.246057, 1.59443, 4.26546e-07, -0.251852, 0.967766, 0.510678, 0, 0, 0, 1), Qt.matrix4x4(-0.976987, 0.206422, 0.0537201, -0.341254, -0.213298, -0.945494, -0.246057, 1.56255, 4.26546e-07, -0.251852, 0.967766, 0.510678, 0, 0, 0, 1), Qt.matrix4x4(-0.932631, 0.355517, -0.0617019, -0.569219, -0.360831, -0.918895, 0.15948, 1.63296, 3.94881e-07, 0.171, 0.985271, -0.232109, 0, 0, 0, 1), Qt.matrix4x4(-0.959165, -0.247255, -0.137366, 0.456985, 0.282851, -0.838456, -0.465819, 1.39102, 7.00355e-07, -0.485651, 0.874153, 0.882674, 0, 0, 0, 1), Qt.matrix4x4(-0.959164, -0.247256, -0.137366, 0.456908, 0.282851, -0.838456, -0.465819, 1.35463, 8.71718e-07, -0.485652, 0.874153, 0.882674, 0, 0, 0, 1), Qt.matrix4x4(-0.979643, -0.20021, -0.0146787, 0.473582, 0.200747, -0.977021, -0.0716341, 1.78643, 4.10248e-07, -0.0731226, 0.997323, 0.139852, 0, 0, 0, 1), Qt.matrix4x4(-0.809424, -0.580181, 0.0906799, 1.1431, 0.587225, -0.799715, 0.124991, 1.38256, 4.76837e-07, 0.15442, 0.988005, -0.272276, 0, 0, 0, 1), Qt.matrix4x4(-0.809424, -0.580181, 0.0906799, 1.14295, 0.587225, -0.799715, 0.124991, 1.34292, 4.5076e-07, 0.154421, 0.988005, -0.272276, 0, 0, 0, 1), Qt.matrix4x4(-0.89311, 0.429009, 0.135301, -0.882946, -0.449839, -0.851754, -0.268626, 1.51623, 5.58794e-07, -0.300776, 0.953695, 0.555618, 0, 0, 0, 1), Qt.matrix4x4(-0.745505, 0.449543, 0.49207, -0.898775, -0.6665, -0.502831, -0.550398, 0.826918, 6.10948e-07, -0.73829, 0.674484, 1.34619, 0, 0, 0, 1), Qt.matrix4x4(-0.745505, 0.449543, 0.49207, -0.898666, -0.6665, -0.502831, -0.550398, 0.799134, 6.10948e-07, -0.73829, 0.674484, 1.34619, 0, 0, 0, 1), Qt.matrix4x4(-0.957716, -0.279747, 0.0672574, 0.428719, 0.287719, -0.931181, 0.223875, 1.65339, 4.76837e-07, 0.23376, 0.972294, -0.370377, 0, 0, 0, 1), Qt.matrix4x4(-0.932306, 0.281236, -0.227407, -0.547086, -0.361673, -0.724958, 0.5862, 1.24866, 8.9407e-08, 0.628764, 0.777597, -1.05805, 0, 0, 0, 1), Qt.matrix4x4(-0.932306, 0.281237, -0.227407, -0.547027, -0.361674, -0.724958, 0.586199, 1.22619, 3.35276e-07, 0.628764, 0.777597, -1.05805, 0, 0, 0, 1), Qt.matrix4x4(-0.974261, 0.207329, -0.0884997, -0.302234, -0.225427, -0.896042, 0.382483, 1.59098, 3.7998e-07, 0.392589, 0.919714, -0.653434, 0, 0, 0, 1), Qt.matrix4x4(-0.964282, -0.149166, 0.218886, 0.318595, 0.26488, -0.543029, 0.796842, 0.939066, 1.49012e-08, 0.826359, 0.563144, -1.40907, 0, 0, 0, 1), Qt.matrix4x4(-0.964282, -0.149166, 0.218886, 0.318544, 0.26488, -0.543029, 0.796842, 0.91385, -2.23517e-08, 0.826359, 0.563144, -1.40907, 0, 0, 0, 1), Qt.matrix4x4(-0.809935, -0.208669, 0.548145, 0.422721, 0.58652, -0.288154, 0.756943, 0.567989, -5.0664e-07, 0.934572, 0.355774, -1.83579, 0, 0, 0, 1), Qt.matrix4x4(-0.809935, -0.208669, 0.548145, 0.422479, 0.58652, -0.288154, 0.756943, 0.502968, -5.06639e-07, 0.934572, 0.355774, -1.83579, 0, 0, 0, 1), Qt.matrix4x4(-0.419282, 0.716482, -0.557544, -1.41669, -0.907856, -0.330898, 0.257496, 0.65247, 6.55651e-07, 0.614133, 0.789202, -1.19947, 0, 0, 0, 1), Qt.matrix4x4(-0.419283, 0.716482, -0.557544, -1.41654, -0.907855, -0.330899, 0.257496, 0.601311, 3.27826e-07, 0.614133, 0.789202, -1.19947, 0, 0, 0, 1),

            // [69] j_Bip_L_Shoulder (Corrected inverseBindPose)
            Qt.matrix4x4(0.9649, -0.2541, -0.0658, -0.0249, 0.2541, 0.9672, 0, -0.1273, 0.0658, -0.0167, 0.9977, -0.0079, 0, 0, 0, 1),

            // 70-87 preserved from source
            Qt.matrix4x4(0.990027, -0.140878, 3.88206e-09, 0.201676, 0.140878, 0.990027, 3.77144e-08, -1.59389, -9.15645e-09, -3.67914e-08, 1, 0.0301292, 0, 0, 0, 1), Qt.matrix4x4(1, 0, 0, -0.134485, 0, 1, 0, -1.59012, 0, 0, 1, 0.0301292, 0, 0, 0, 1), Qt.matrix4x4(0.999999, 2.70291e-08, 0.00169146, -0.367231, -2.71817e-08, 1, 9.02343e-08, -1.59012, -0.00169146, -9.02802e-08, 0.999999, 0.0307704, 0, 0, 0, 1), Qt.matrix4x4(1, 0, 0, -0.618621, 0, 1, 0, -1.59012, 0, 0, 1, 0.0296694, 0, 0, 0, 1), Qt.matrix4x4(0.999811, -1.77738e-09, -0.0194199, -0.69138, 2.64541e-09, 1, 4.4672e-08, -1.59869, 0.0194199, -4.4715e-08, 0.999811, -0.00657868, 0, 0, 0, 1), Qt.matrix4x4(0.998841, -0.0288736, -0.0385161, -0.681619, 0.0288734, 0.999583, -0.000560868, -1.61905, 0.0385163, -0.000551876, 0.999258, -0.019576, 0, 0, 0, 1), Qt.matrix4x4(0.99884, -0.0347321, -0.0333433, -0.694973, 0.0347257, 0.999397, -0.000771367, -1.62312, 0.0333499, -0.000387397, 0.999444, -0.0159173, 0, 0, 0, 1), Qt.matrix4x4(1, 0, 0, -0.686508, 0, 1, 0, -1.59869, 0, 0, 1, 0.0635363, 0, 0, 0, 1), Qt.matrix4x4(1, 0, 0, -0.721444, 0, 1, 0, -1.59869, 0, 0, 1, 0.0635363, 0, 0, 0, 1), Qt.matrix4x4(0.999695, 0.0155363, 0.0192181, -0.764968, -0.0155363, 0.999879, -0.000149271, -1.58698, -0.0192181, -0.000149353, 0.999815, 0.0780145, 0, 0, 0, 1), Qt.matrix4x4(1, 0, 0, -0.692368, 0, 1, 0, -1.59869, 0, 0, 1, 0.0272933, 0, 0, 0, 1), Qt.matrix4x4(1, 0, 0, -0.733542, 0, 1, 0, -1.59869, 0, 0, 1, 0.0272933, 0, 0, 0, 1), Qt.matrix4x4(1, 0, 0, -0.758942, 0, 1, 0, -1.59869, 0, 0, 1, 0.0272933, 0, 0, 0, 1), Qt.matrix4x4(1, 0, 0, -0.691528, 0, 1, 0, -1.59869, 0, 0, 1, 0.0454424, 0, 0, 0, 1), Qt.matrix4x4(1, 0, 0, -0.729722, 0, 1, 0, -1.59869, 0, 0, 1, 0.0454424, 0, 0, 0, 1), Qt.matrix4x4(0.999661, -0.012432, -0.0228667, -0.732668, 0.012432, 0.999922, -0.00014206, -1.60792, 0.0228667, -0.000142268, 0.999738, 0.0284629, 0, 0, 0, 1), Qt.matrix4x4(0.759128, -0.0442635, 0.649435, -0.395481, -0.6499, -0.107936, 0.752316, 0.583344, 0.0367976, -0.993172, -0.110704, 1.54358, 0, 0, 0, 1), Qt.matrix4x4(0.787202, -0.0338466, 0.615765, -0.482427, -0.615327, -0.109564, 0.78062, 0.561206, 0.0410442, -0.993403, -0.107076, 1.54111, 0, 0, 0, 1), Qt.matrix4x4(0.735822, -0.0584441, 0.674648, -0.443402, -0.676539, -0.106614, 0.728648, 0.600227, 0.0293419, -0.992581, -0.117989, 1.54839, 0, 0, 0, 1),

            // [88] j_Bip_R_Shoulder (Corrected inverseBindPose)
            Qt.matrix4x4(0.9649, 0.2541, 0.0658, 0.0249, -0.2541, 0.9672, 0, -0.1273, -0.0658, -0.0167, 0.9977, -0.0079, 0, 0, 0, 1),

            // 89-end preserved from source
